Act   = [255,255,255;
         153,0,0;
         255,0,0;
         255, 153, 51;
         255, 255, 0;
         255,255,255]/255;

Deact = [255,255,255;
         0,0,153;
         0,0,255;
         0, 153, 255;
         0, 255, 255;
         255,255,255]/255;

A = [255,255,255;
    0, 153, 51;
     255, 0, 255;
    255, 255, 0;
    0, 255, 255;
    255,255,255]/255;

B = [255,255,255;
    102, 0, 102;
    152, 0, 152;
     204, 0, 204;
     255, 0, 255;
     255,255,255]/255;